DBLP-ACM StandardBlocking
99.94424359 99.86486486 66.25821877 79.662235 8.14
bias 99.94981583 100.0 55.75539568 99.97490162
bias 99.94298192 99.84293194 68.35125448 99.89293188
bias -0.0068339 -0.15706806 12.5958588 -0.08196974
bias 4893185 1107919 1910 310

DBLP-ACM ExtendedQGramsBlocking
99.93862796 99.95495495 60.24979636 75.18211079 7.38
bias 99.9481009 100.0 53.91304348 99.97404371
bias 99.93648309 99.94764398 61.42213642 99.94206322
bias -0.01161781 -0.05235602 7.50909294 -0.03198049
bias 4893185 1107919 1910 310

DBLP-ACM ExtendedSuffixArraysBlocking
99.93902789 99.45945946 60.34435638 75.11481544 3.47
bias 99.9481009 100.0 53.91304348 99.97404371
bias 99.93697357 99.37172775 61.54345006 99.65354913
bias -0.01112733 -0.62827225 7.63040659 -0.32049458
bias 4893185 1107919 1910 310

DBLP-ACM QGramsBlocking
99.93756149 99.95495495 59.2207099 74.3757332 9.0
bias 99.94891323 100.0 54.77031802 99.97445009
bias 99.93499122 99.94764398 60.01257466 99.9413172
bias -0.01392202 -0.05235602 5.24225664 -0.03313289
bias 4893185 1107919 1910 310

DBLP-ACM SuffixArraysBlocking
99.94940931 99.90990991 73.05665349 84.39878234 1.82
bias 99.95649501 100.0 64.3153527 99.97824277
bias 99.94780496 99.89528796 74.70634299 99.92153956
bias -0.00869006 -0.10471204 10.39099029 -0.05670322
bias 4893185 1107919 1910 310

DBLP-ACM CTT
97.82040105 99.86486486 1.69495413 3.33333333 146.28
bias 97.99272329 100.0 1.39394757 98.98618663
bias 97.7813837 99.84293194 1.7566161 98.80140514
bias -0.21133959 -0.15706806 0.36266853 -0.18478149
bias 4893185 1107919 1910 310

DBLP-ACM AUTO
97.82040105 99.86486486 1.69495413 3.33333333 37.87
bias 98.21214367 100.0 1.56502423 99.09800868
bias 97.73170236 99.84293194 1.71814185 98.77603713
bias -0.48044131 -0.15706806 0.15311762 -0.32197155
bias 4893185 1107919 1910 310

Beer StandardBlocking
99.90685079 95.58823529 0.53533191 1.06470106 3.83
bias 99.9137906 96.55172414 0.48085179 98.20399026
bias 99.89938725 94.87179487 0.58553569 97.32070291
bias -0.01440335 -1.67992927 0.10468389 -0.88328735
bias 6280516 6754484 39 29

Beer ExtendedQGramsBlocking
99.90023015 91.17647059 0.47673972 0.94851985 3.94
bias 99.90493722 96.55172414 0.43606915 98.19971359
bias 99.89516785 87.17948718 0.5164034 93.10517775
bias -0.00976937 -9.37223696 0.08033425 -5.09453583
bias 6280516 6754484 39 29

Beer ExtendedSuffixArraysBlocking
99.94744918 89.70588235 0.89051095 1.76351547 2.33
bias 99.95653258 93.10344828 0.91961853 96.40835785
bias 99.93768028 87.17948718 0.86867655 93.12363836
bias -0.0188523 -5.9239611 -0.05094198 -3.28471949
bias 6280516 6754484 39 29

Beer QGramsBlocking
99.90484081 92.64705882 0.50790068 1.01026299 3.71
bias 99.91159946 96.55172414 0.46893318 98.20293185
bias 99.89757211 89.74358974 0.54406964 94.5487429
bias -0.01402735 -6.80813439 0.07513646 -3.65418895
bias 6280516 6754484 39 29

Beer SuffixArraysBlocking
99.94751055 88.23529412 0.87693657 1.7366136 1.64
bias 99.95616245 93.10344828 0.9118541 96.4081857
bias 99.93820571 84.61538462 0.85029632 91.64069579
bias -0.01795674 -8.48806366 -0.06155779 -4.76748991
bias 6280516 6754484 39 29

Beer CTT
98.33333333 94.11764706 0.02945915 0.05889986 166.99
bias 98.37789237 96.55172414 0.02555561 97.45625417
bias 98.28541158 92.30769231 0.03343084 95.20281002
bias -0.09248079 -4.24403183 0.00787523 -2.25344415
bias 6280516 6754484 39 29

Beer AUTO
98.33333333 85.29411765 0.02669735 0.053378 42.14
bias 98.31254319 86.20689655 0.02193387 91.86261624
bias 98.35569243 84.61538462 0.03195476 90.96962076
bias 0.04314924 -1.59151194 0.01002089 -0.89299548
bias 6280516 6754484 39 29

iTunes-Amazon StandardBlocking
99.8615705 97.72727273 0.02412577 0.04823963 1356.1
bias 99.93484062 92.5 0.03321186 96.07379545
bias 99.80338112 100.0 0.02173441 99.90159382
bias -0.1314595 7.5 -0.01147745 3.82779837
bias 215285532 170974629 92 40

iTunes-Amazon ExtendedQGramsBlocking
99.76908154 71.96969697 0.01065087 0.02129859 3399.33
bias 99.87969209 72.5 0.01409848 84.01543812
bias 99.68123729 71.73913043 0.00961749 83.43285432
bias -0.1984548 -0.76086957 -0.00448099 -0.5825838
bias 215285532 170974629 92 40

iTunes-Amazon ExtendedSuffixArraysBlocking
99.99052012 51.51515152 0.18570609 0.3700781 22.58
bias 99.99163853 50.0 0.13989927 66.66480846
bias 99.98963191 52.17391304 0.21504413 68.56899085
bias -0.00200662 2.17391304 0.07514486 1.904182390
bias 215285532 170974629 92 40

iTunes-Amazon CTT
99.91059135 91.66666667 0.03503692 95.61125332 1773.64
bias 99.93454233 92.5 0.03306051 96.07365761
bias 99.89157005 91.30434783 0.03598448 95.40511908
bias -0.04297229 -1.19565217 0.00292397 -0.66853852
bias 215285532 170974629 92 40

iTunes-Amazon AUTO
99.91059135 90.15151515 0.0344578 94.78050471 200.85
bias 99.93417269 95.0 0.03376337 97.40463947
bias 99.89186361 88.04347826 0.03479352 93.59418015
bias -0.04230908 -6.95652174 0.00103014 -3.81045931
bias 215285532 170974629 92 40

iTunes-Amazon QGramsBlocking
99.79354614 73.48484848 0.01216379 84.64198475 2547.78
bias 99.87855099 80.0 0.01541077 88.84087664
bias 99.72603733 70.65217391 0.01102065 82.70847876
bias -0.15251366 -9.34782609 -0.00439012 -6.13239788
bias 215285532 170974629 92 40

iTunes-Amazon SuffixArraysBlocking
99.99281158 50.75757576 0.24130231 67.33505364 9.27
bias 99.99426874 50.0 0.20410246 66.665393
bias 99.99165434 51.08695652 0.26159069 67.62399083
bias -0.0026144 1.08695652 0.05748823 0.95859783
bias 215285532 170974629 92 40

Fodors-Zagat StandardBlocking
98.72125517 99.0990991 4.87588652 98.90981628 0.57
bias 98.71108467 100.0 3.07692308 99.35136214
bias 98.72295117 99.00990099 5.1786639 98.86621787
bias 0.01186649 -0.99009901 2.10174083 -0.48514427
bias 151208 25215 101 10

Fodors-Zagat ExtendedQGramsBlocking
98.87826417 99.0990991 5.55836281 98.98855847 0.45
bias 99.01249256 100.0 4.01606426 99.50379626
bias 98.85588064 99.00990099 5.78034682 98.93283087
bias -0.15661192 -0.99009901 1.76428256 -0.57096539
bias 151208 25215 101 10

Fodors-Zagat ExtendedSuffixArraysBlocking
99.32945251 96.3963964 9.04480135 97.84094775 0.59
bias 99.48046798 100.0 7.63358779 99.73955745
bias 99.30426962 96.03960396 9.22053232 97.64465658
bias -0.17619836 -3.96039604 1.58694453 -2.09490086
bias 151208 25215 101 10

Fodors-Zagat QGramsBlocking
98.82554996 99.0990991 5.30888031 98.96213549 0.45
bias 98.99662899 100.0 3.95256917 99.49578492
bias 98.79702132 99.00990099 5.49752611 98.90334661
bias -0.19960767 -0.99009901 1.54495694 -0.59243832
bias 151208 25215 101 10

Fodors-Zagat SuffixArraysBlocking
99.30961383 99.0990991 9.03119869 99.20424478 0.33
bias 99.4646044 100.0 7.40740741 99.73158366
bias 99.28376805 99.00990099 9.23361034 99.1466454
bias -0.18083635 -0.99009901 1.82620293 -0.58493826
bias 151208 25215 101 10

Fodors-Zagat CTT
84.89425982 99.0990991 0.41275797 91.44835136 35.84
bias 84.89391235 100.0 0.2625361 91.82986208
bias 84.89431776 99.00990099 0.4378092 91.41038801
bias 0.00040541 -0.99009901 0.1752731 -0.41947407
bias 151208 25215 101 10

Fodors-Zagat AUTO
84.89425982 99.0990991 0.41275797 91.44835136 16.28
bias 84.12056316 100.0 0.24975025 91.37552234
bias 85.02327919 99.00990099 0.44157909 91.48509466
bias 0.90271603 -0.99009901 0.19182884 0.10957232
bias 151208 25215 101 10

Walmart-Amazon StandardBlocking
99.81128118 99.06444906 0.8957272 99.43646285 81.97
bias 99.68184965 97.72727273 1.06343514 98.69488491
bias 99.81739242 99.19908467 0.88193109 99.50727806
bias 0.13554277 1.47181194 -0.18150405 0.81239315
bias 53835116 2541880 874 88

Walmart-Amazon ExtendedQGramsBlocking
99.75469605 98.75259875 0.68693734 99.25111802 110.71
bias 99.58274978 97.72727273 0.81086178 98.64628692
bias 99.76281467 98.85583524 0.67664403 99.30725412
bias 0.18006489 1.12856251 -0.13421774 0.6609672
bias 53835116 2541880 874 88

Walmart-Amazon ExtendedSuffixArraysBlocking
99.96501765 88.35758836 4.30990772 93.80358595 7.21
bias 99.96931405 87.5 9.87179487 93.31996571
bias 99.96481479 88.44393593 4.08087847 93.85213415
bias -0.00449926 0.94393593 -5.7909164 0.53216844
bias 53835116 2541880 874 88

Walmart-Amazon QGramsBlocking
99.77423416 99.06444906 0.74874293 99.41807477 104.77
bias 99.53557996 97.72727273 0.72850487 98.62313798
bias 99.78550246 99.19908467 0.75081186 99.49142946
bias 0.24992249 1.47181194 0.02230699 0.86829149
bias 53835116 2541880 874 88

Walmart-Amazon SuffixArraysBlocking
99.95536655 91.16424116 3.485276 95.35761663 7.62
bias 99.96966812 86.36363636 9.85732815 92.66989698
bias 99.95469128 91.64759725 3.28386356 95.62106341
bias -0.01497684 5.28396089 -6.57346458 2.95116643
bias 53835116 2541880 874 88

Walmart-Amazon CTT
99.77348917 97.50519751 0.73453406 98.62630304 516.46
bias 99.76513447 93.18181818 1.37353434 96.36116552
bias 99.77388365 97.94050343 0.7031956 98.84869319
bias 0.00874918 4.75868525 -0.67033874 2.48752767
bias 53835116 2541880 874 88

Walmart-Amazon AUTO
99.77348917 96.36174636 0.72592013 98.03794439 67.15
bias 99.78614254 92.04545455 1.49006623 95.75962445
bias 99.77289173 96.79633867 0.6919453 98.26207895
bias -0.01325081 4.75088413 -0.79812093 2.5024545
bias 53835116 2541880 874 88

Amazon-Google StandardBlocking
99.7277258 98.28620394 9.58068827 99.0017178 5.84
bias 99.65589018 96.66666667 6.17678381 98.13852134
bias 99.73247886 98.37398374 9.87038883 99.04857343
bias 0.07658868 1.70731707 3.69360502 0.91005209
bias 4124160 272878 1107 60

Amazon-Google ExtendedQGramsBlocking
99.70261799 94.1730934 8.40471092 96.85900198 4.74
bias 99.32094196 88.33333333 2.86022666 93.50546221
bias 99.72787186 94.48961156 9.32014613 97.03810087
bias 0.4069299 6.15627823 6.45991947 3.53263867
bias 4124160 272878 1107 60

Amazon-Google ExtendedSuffixArraysBlocking
99.85956455 83.89031705 15.85425101 91.18101691 2.03
bias 99.8211655 66.66666667 8.19672131 79.94271149
bias 99.86210525 84.82384824 16.51134166 91.73072343
bias 0.04093975 18.15718157 8.31462034 11.78801194
bias 4124160 272878 1107 60

Amazon-Google QGramsBlocking
99.69372564 95.71550985 8.29434915 97.66412273 5.08
bias 99.3337682 96.66666667 3.19031903 97.98207097
bias 99.71754248 95.66395664 9.09090909 97.64869963
bias 0.38377428 -1.00271003 5.90059006 -0.33337134
bias 4124160 272878 1107 60

Amazon-Google SuffixArraysBlocking
99.85374245 88.51756641 16.06282071 93.84454917 1.53
bias 99.79001605 73.33333333 7.67888307 84.54012167
bias 99.85795895 89.34056007 16.88289519 94.30693249
bias 0.0679429 16.00722674 9.20401211 9.76681082
bias 4124160 272878 1107 60

Amazon-Google CTT
98.45009299 95.97257926 1.6434336 97.19555074 105.37
bias 98.45938478 93.33333333 1.3320647 95.82785697
bias 98.4494782 96.11562782 1.66390392 97.26855549
bias -0.00990658 2.78229449 0.33183922 1.44069852
bias 4124160 272878 1107 60

Amazon-Google AUTO
98.45009299 88.51756641 1.51577403 93.22000043 27.12
bias 98.45938478 80.0 1.14176974 88.27499649
bias 98.4494782 88.97922313 1.54036218 93.47509773
bias -0.00990658 8.97922313 0.39859244 5.20010124
bias 4124160 272878 1107 60

DBLP-GoogleScholar StandardBlocking
99.94114638 98.72825884 5.3355569 10.12398477 217.73
bias 99.98722911 98.01488834 23.40047393 98.99123527
bias 99.93721402 98.78640777 5.02200469 99.35847874
bias -0.05001509 0.77151943 -18.37846924 0.36724347
bias 154894450 13217558 4944 403

DBLP-GoogleScholar ExtendedQGramsBlocking
99.94816551 97.5874322 5.98806518 11.28374799 165.57
bias 99.97234739 96.52605459 10.64295486 98.21897954
bias 99.94610201 97.67394822 5.78427262 98.79696297
bias -0.02624538 1.14789363 -4.85868223 0.57798343
bias 154894450 13217558 4944 403

DBLP-GoogleScholar ExtendedSuffixArraysBlocking
99.98632043 76.47278848 17.78058008 28.85266723 30.32
bias 99.98542091 74.93796526 15.67202906 85.6684079
bias 99.98639719 76.59789644 17.97342193 86.74324924
bias 0.00097628 1.65993118 2.30139287 1.07484134
bias 154894450 13217558 4944 403

DBLP-GoogleScholar QGramsBlocking
99.94947833 98.74696091 6.2166649 11.69694284 226.54
bias 99.97582761 97.51861042 12.30046948 98.73193272
bias 99.94722987 98.84708738 5.97885928 99.39411449
bias -0.02859774 1.32847696 -6.3216102 0.66218177
bias 154894450 13217558 4944 403

DBLP-GoogleScholar SuffixArraysBlocking
99.9842248 82.38264447 16.61010558 27.64615433 19.78
bias 99.98461138 82.13399504 16.273353 90.18447633
bias 99.98419182 82.40291262 16.6380789 90.34617494
bias -0.00041956 0.26891758 0.3647259 0.16169861
bias 154894450 13217558 4944 403

DBLP-GoogleScholar CTT
99.92219473 95.9603516 3.92278287 7.53744115 2545.82
bias 99.915181 95.53349876 3.4341272 97.67522433
bias 99.92279323 95.99514563 3.96859243 97.91959985
bias 0.00761223 0.46164687 0.53446523 0.24437552
bias 154894450 13217558 4944 403

DBLP-GoogleScholar AUTO
99.92219473 95.23097064 3.89296636 7.48015013 208.31
bias 99.90868207 95.78163772 3.1980116 97.80164089
bias 99.9233478 95.18608414 3.96361492 97.49720551
bias 0.01466573 -0.59555357 0.76560333 -0.30443538
bias 154894450 13217558 4944 403