Fodors-Zagat StandardBlocking
0.01 1749,176423 0.0253
0.2 35224,176423 0.1584
0.4 70433,176423 0.1915
0.6 105728,176423 0.2425
0.8 141192,176423 0.349
1.0 176423,176423 0.4164

Fodors-Zagat ExtendedQGramsBlocking
0.01 1749,176423 0.0367
0.2 35224,176423 0.19
0.4 70433,176423 0.2997
0.6 105728,176423 0.3245
0.8 141192,176423 0.4117
1.0 176423,176423 0.4694

Fodors-Zagat ExtendedSuffixArraysBlocking
0.01 1749,176423 0.0407
0.2 35224,176423 0.1556
0.4 70433,176423 0.2146
0.6 105728,176423 0.2668
0.8 141192,176423 0.3374
1.0 176423,176423 0.3465

Fodors-Zagat QGramsBlocking
0.01 1749,176423 0.0494
0.2 35224,176423 0.1627
0.4 70433,176423 0.2347
0.6 105728,176423 0.3422
0.8 141192,176423 0.4186
1.0 176423,176423 0.4597

Fodors-Zagat SuffixArraysBlocking
0.01 1749,176423 0.0358
0.2 35224,176423 0.1447
0.4 70433,176423 0.1772
0.6 105728,176423 0.2309
0.8 141192,176423 0.2525
1.0 176423,176423 0.3098

