Beer AE
8.68275499343872
8.605592966079712
9.894731044769287
9.38522720336914
9.24099087715149

Fodors-Zagat AE
0.7609479427337646
0.6870200634002686
0.7836229801177979
0.6708390712738037
0.7093408107757568

Walmart-Amazon AE
19.328453063964844
18.18376398086548
19.57033109664917
18.434733152389526
18.76665997505188

Amazon-Google AE
5.2397801876068115
5.4278459548950195
5.032972097396851
5.0665199756622314
4.99330997467041

DBLP-ACM AE
6.81451416015625
7.3755269050598145
6.835849046707153
6.90687894821167
7.256953239440918

DBLP-GoogleScholar AE
56.14511799812317
61.491161823272705
54.0738320350647
61.08950090408325
57.51465892791748

iTunes-Amazon AE
109.34639692306519
112.92556190490723
112.00980877876282
118.79670691490173
109.18993520736694

Beer CTT
10.835052967071533
10.351861000061035
9.59395694732666
10.087022066116333
10.08156681060791

Fodors-Zagat CTT
0.6232457160949707
0.6643178462982178
0.6583728790283203
0.6347630023956299
0.6325242519378662

Walmart-Amazon CTT
38.04574203491211
25.763492822647095
24.95321488380432
25.14562702178955
23.9615797996521

Amazon-Google CTT
5.623164892196655
4.752073049545288
5.538106918334961
5.634415864944458
5.050949335098267

DBLP-ACM CTT
7.541983127593994
7.199725151062012
7.7453062534332275
7.447626113891602
7.369603157043457

DBLP-GoogleScholar CTT
108.88354396820068
87.59211897850037
83.88820290565491
84.35272097587585
85.01992321014404

iTunes-Amazon CTT
161.92381596565247
155.0641529560089
151.80808115005493
150.43411207199097
164.33709907531738
