Walmart-Amazon StandardBlocking
0.01 562785,56376996 1.5546
0.2 11273824,56376996 17.1011
0.4 22547015,56376996 32.8039
0.6 33819844,56376996 49.7522
0.8 45095296,56376996 65.5226
1.0 56376996,56376996 84.0491

Walmart-Amazon ExtendedQGramsBlocking
0.01 562785,56376996 1.4825
0.2 11273824,56376996 19.0051
0.4 22547015,56376996 39.7092
0.6 33819844,56376996 64.4703
0.8 45095296,56376996 90.1424
1.0 56376996,56376996 114.5603

Walmart-Amazon ExtendedSuffixArraysBlocking
0.01 562785,56376996 1.0369
0.2 11273824,56376996 3.3542
0.4 22547015,56376996 4.7608
0.6 33819844,56376996 5.7211
0.8 45095296,56376996 6.5958
1.0 56376996,56376996 7.4176

Walmart-Amazon QGramsBlocking
0.01 562785,56376996 1.511
0.2 11273824,56376996 20.7815
0.4 22547015,56376996 40.9898
0.6 33819844,56376996 62.0013
0.8 45095296,56376996 84.3335
1.0 56376996,56376996 107.6971

Walmart-Amazon SuffixArraysBlocking
0.01 562785,56376996 0.7022
0.2 11273824,56376996 3.3564
0.4 22547015,56376996 4.6271
0.6 33819844,56376996 5.7298
0.8 45095296,56376996 6.5442
1.0 56376996,56376996 7.5803



