DBLP-GoogleScholar StandardBlocking
0.01 1683612,168112008 5.6522
0.2 33624630,168112008 71.8628
0.4 67264165,168112008 115.061
0.6 100850228,168112008 152.854
0.8 134500860,168112008 187.4613
1.0 168112008,168112008 208.5113

DBLP-GoogleScholar ExtendedQGramsBlocking
0.01 1683612,168112008 4.7176
0.2 33624630,168112008 48.6086
0.4 67264165,168112008 84.5159
0.6 100850228,168112008 112.2973
0.8 134500860,168112008 138.2571
1.0 168112008,168112008 160.728

DBLP-GoogleScholar ExtendedSuffixArraysBlocking
0.01 1683612,168112008 2.9846
0.2 33624630,168112008 9.5699
0.4 67264165,168112008 14.3166
0.6 100850228,168112008 16.9161
0.8 134500860,168112008 20.939
1.0 168112008,168112008 23.7387

DBLP-GoogleScholar QGramsBlocking
0.01 1683612,168112008 5.0081
0.2 33624630,168112008 66.6164
0.4 67264165,168112008 113.0939
0.6 100850228,168112008 148.2591
0.8 134500860,168112008 184.8445
1.0 168112008,168112008 220.5608

DBLP-GoogleScholar SuffixArraysBlocking
0.01 1683612,168112008 2.8554
0.2 33624630,168112008 7.2326
0.4 67264165,168112008 9.1971
0.6 100850228,168112008 12.6166
0.8 134500860,168112008 15.1
1.0 168112008,168112008 18.7291

