DBLP-ACM StandardBlocking
0.01 59998,6001104 0.4017
0.2 1200420,6001104 2.0046
0.4 2401405,6001104 4.4015
0.6 3600202,6001104 6.2719
0.8 4801680,6001104 7.3495
1.0 6001104,6001104 8.5618

DBLP-ACM ExtendedQGramsBlocking
0.01 59998,6001104 0.606
0.2 1200420,6001104 2.677
0.4 2401405,6001104 4.1563
0.6 3600202,6001104 5.7023
0.8 4801680,6001104 6.5807
1.0 6001104,6001104 7.9535

DBLP-ACM ExtendedSuffixArraysBlocking
0.01 59998,6001104 0.3865
0.2 1200420,6001104 1.9579
0.4 2401405,6001104 2.6051
0.6 3600202,6001104 3.1369
0.8 4801680,6001104 3.4995
1.0 6001104,6001104 3.7277

DBLP-ACM QGramsBlocking
0.01 59998,6001104 0.3839
0.2 1200420,6001104 2.7779
0.4 2401405,6001104 5.0137
0.6 3600202,6001104 6.479
0.8 4801680,6001104 8.0846
1.0 6001104,6001104 9.4611

DBLP-ACM SuffixArraysBlocking
0.01 59998,6001104 0.2034
0.2 1200420,6001104 0.8942
0.4 2401405,6001104 1.5414
0.6 3600202,6001104 1.7979
0.8 4801680,6001104 1.9506
1.0 6001104,6001104 2.1678

